/****/
Constants:
	BodyTemperature : 36.5
	G: 9.8
	PI: 3.14159
	e: 2.728282